 dw2 =   0.181959212    
 dx =   0.110363841     , dy =   0.110363841    
